0  len
nerighbor!
nerighbor!
nerighbor!
nerighbor!
nerighbor!
nerighbor!
nerighbor!
nerighbor!
nerighbor!
nerighbor!
nerighbor!
nerighbor!
nerighbor!
nerighbor!
nerighbor!
nerighbor!
nerighbor!
nerighbor!
nerighbor!
nerighbor!
nerighbor!
nerighbor!
nerighbor!
nerighbor!
nerighbor!
nerighbor!
nerighbor!
nerighbor!
nerighbor!
nerighbor!
nerighbor!
nerighbor!
nerighbor!
nerighbor!
1  len
1660281128   1660284548
1660281128   1660284548
1660281128   1660284548
1660281128   1660284548
1660281128   1660284548
1660281128   1660284548
1660281128   1660284548
1660281129   1660284548
1660281129   1660284548
1660281129   1660284548
1660281129   1660284548
1660281129   1660284548
1660281129   1660284548
1660281130   1660284548
1660281130   1660284548
1660281131   1660284548
1660281131   1660284548
1660281131   1660284548
1660281131   1660284548
1660281132   1660284548
1660281132   1660284548
1660281133   1660284548
1660281133   1660284548
1660281133   1660284548
1660281133   1660284548
1660281133   1660284548
1660281133   1660284548
1660281134   1660284548
1660281134   1660284548
1660281134   1660284548
1660281134   1660284548
1660281134   1660284548
1660281134   1660284548
1660281134   1660284548
1660281134   1660284548
1660281135   1660284548
1660281135   1660284548
1660281136   1660284548
1660281136   1660284548
1660281136   1660284548
1660281138   1660284548
1660281138   1660284548
1660281138   1660284548
1660281138   1660284548
1660281138   1660284548
1660281138   1660284548
1660281139   1660284548
1660281139   1660284548
1660281140   1660284548
1660281140   1660284548
1660281140   1660284548
1660281140   1660284548
1660281140   1660284548
1660281140   1660284548
1660281141   1660284548
1660281141   1660284548
1660281141   1660284548
1660281141   1660284548
1660281142   1660284548
1660281142   1660284548
1660281142   1660284548
1660281142   1660284548
1660281143   1660284548
1660281143   1660284548
1660281145   1660284548
1660281145   1660284548
1660281145   1660284548
1660281145   1660284548
1660281146   1660284548
1660281146   1660284548
1660281147   1660284548
1660281147   1660284548
1660281147   1660284548
1660281147   1660284548
1660281147   1660284548
1660281148   1660284548
1660281148   1660284548
1660281148   1660284548
1660281150   1660284548
1660281150   1660284548
1660281150   1660284548
1660281151   1660284548
1660281151   1660284548
1660281151   1660284548
1660281151   1660284548
1660281152   1660284548
1660281152   1660284548
1660281152   1660284548
1660281152   1660284548
1660281152   1660284548
1660281152   1660284548
1660281152   1660284548
1660281153   1660284548
1660281153   1660284548
1660281153   1660284548
1660281153   1660284548
1660281153   1660284548
1660281153   1660284548
1660281154   1660284548
1660281154   1660284548
1660281155   1660284548
1660281155   1660284548
1660281155   1660284548
1660281155   1660284548
1660281155   1660284548
1660281155   1660284548
1660281155   1660284548
1660281155   1660284548
1660281155   1660284548
